Vial	V103-1	V103-2	V104-1	V104-2	V19-1	V19-2	V135-1	V135-2	Apo4-1	Apo4-2	V54-1	V54-2	V53-1	V53-2	Apo5-1	Apo5-2	Apo7-1	Apo7-2	V133-1	V133-2	V94-1	V94-2	V109-1	V109-2	V145-1	V145-2	V118-1	V118-2	V127-1	V127-2	V17-1	V17-2
5721	175	178	327	327	468	472	100	104	224	224	452	452	0	0	190	190	205	211	152	156	450	450	212	212	191	195	118	118	114	122	496	496
15	175	178	327	330	468	476	100	104	224	224	452	456	452	456	190	190	205	205	156	156	450	450	218	218	191	191	118	118	114	118	496	496
19	178	178	327	327	468	468	100	100	216	224	456	456	452	456	190	196	211	211	152	156	450	450	212	212	191	195	130	130	114	118	496	496
20	175	178	327	330	472	472	100	104	216	216	452	452	452	452	190	196	205	211	156	156	450	450	212	218	191	195	118	118	114	114	496	496
21	175	178	327	327	468	472	104	104	216	216	452	452	452	452	190	190	205	211	156	156	450	450	218	218	191	191	118	118	118	122	496	496
36	175	178	327	330	468	468	100	104	216	224	452	456	452	456	190	196	211	211	152	156	450	450	212	218	191	195	130	130	118	122	496	496
381	178	178	327	330	468	472	104	104	216	224	452	452	452	452	190	190	211	211	156	156	450	450	212	218	191	195	118	130	114	118	496	496
399	175	178	327	327	472	476	100	104	216	224	452	456	452	452	190	190	211	211	152	152	450	450	212	218	191	191	130	130	114	118	496	496
566	175	178	330	330	468	468	100	104	224	224	452	452	452	452	190	196	211	211	156	156	450	450	218	218	191	195	118	130	122	122	0	0
624	175	178	330	330	476	476	100	104	224	224	452	456	452	452	190	196	205	205	152	156	450	450	218	218	195	195	118	118	122	122	0	0
394	175	178	327	327	468	476	100	104	216	216	452	456	452	452	190	190	211	211	156	156	450	450	218	218	191	195	118	130	118	122	0	0
5581	175	178	327	330	468	468	104	104	216	216	452	452	452	452	190	190	205	211	156	156	450	450	218	218	191	195	118	118	114	122	496	496
23	175	178	327	330	468	472	100	104	216	224	452	456	452	452	190	190	211	211	156	156	450	450	218	218	191	195	118	130	122	122	496	496
49	178	178	327	330	472	472	100	104	216	216	452	452	452	452	190	190	211	211	152	156	450	450	212	218	191	195	118	118	114	122	496	496
50	175	178	327	327	468	472	100	100	216	224	452	452	452	452	190	190	205	205	152	156	446	450	212	218	195	195	118	130	114	118	496	496
351	175	178	327	327	468	468	100	100	216	224	456	456	452	456	190	196	211	211	152	152	446	446	218	218	195	195	130	130	114	122	0	0
353	178	178	327	330	468	468	104	104	216	224	452	456	452	456	190	190	211	211	156	156	450	450	212	218	195	195	118	130	122	122	496	496
354	175	178	327	327	468	468	100	104	216	224	452	456	452	456	190	196	211	211	156	156	450	450	218	218	191	191	118	118	122	122	496	496
355	178	178	327	327	468	468	104	104	216	224	452	456	452	452	190	196	205	211	156	156	450	450	218	218	191	195	118	130	118	122	0	0
356	178	178	327	327	468	468	100	104	216	224	452	456	452	452	190	196	205	205	152	156	450	450	218	218	191	191	118	130	118	122	496	496
374	178	178	327	327	468	468	104	104	224	224	452	456	452	456	190	196	211	211	152	156	450	450	218	218	191	191	118	118	114	118	0	0
376	175	178	327	330	468	468	100	100	216	216	452	452	452	452	190	190	211	211	152	156	450	450	218	218	195	195	118	118	114	122	496	496
950	0	0	327	330	0	0	104	104	216	224	0	0	0	0	196	196	211	211	156	156	446	450	218	218	191	195	118	130	114	118	0	0
941	178	178	330	330	468	472	104	104	216	224	452	456	0	0	190	190	211	211	152	156	450	450	212	218	191	195	118	130	122	122	496	496
946	178	178	327	330	468	472	100	104	0	0	452	456	0	0	190	190	211	211	152	156	450	450	218	218	195	195	118	130	114	118	496	496
947	178	178	327	327	468	468	104	104	216	224	452	456	0	0	190	196	205	211	156	156	450	450	218	218	191	191	118	118	122	122	496	496
12	175	175	327	330	468	468	100	104	216	224	452	452	452	452	190	196	205	205	152	156	450	450	212	218	191	195	118	118	114	122	496	496
13	175	178	330	330	468	472	100	104	224	224	452	456	452	452	190	190	211	211	152	156	450	450	218	218	195	195	118	118	118	122	0	0
14	175	178	327	330	472	472	104	104	216	216	452	456	452	452	190	196	205	211	152	152	450	450	218	218	191	195	118	118	122	122	0	0
16	178	178	327	330	476	476	104	104	224	224	452	456	452	456	190	190	205	211	152	156	450	450	218	218	191	195	118	118	122	122	496	496
27	175	178	327	330	472	476	104	104	216	224	452	452	452	452	190	196	205	205	152	152	0	0	218	218	191	191	118	118	118	122	496	496
28	175	178	330	330	472	476	104	104	216	224	452	456	452	456	190	190	205	211	156	156	450	450	218	218	191	195	118	130	114	122	496	496
30	175	178	327	330	472	476	104	104	216	224	452	452	452	452	190	196	211	211	152	156	450	450	218	218	191	191	118	118	122	122	496	496
31	178	178	327	330	472	472	104	104	224	224	452	452	452	452	190	190	205	205	152	152	450	450	218	218	195	195	118	118	118	122	496	496
35	175	178	330	330	472	476	104	104	224	224	452	452	452	452	190	190	205	205	156	156	450	450	218	218	195	195	118	118	118	122	0	0
41	175	178	330	330	472	476	104	104	216	216	452	452	452	452	190	190	205	205	152	156	450	450	212	218	195	195	118	130	114	114	496	496
42	178	178	327	330	468	476	104	104	216	224	452	456	452	452	190	196	205	205	152	156	446	446	218	218	195	195	118	118	114	118	496	496
44	178	178	327	330	472	476	104	104	224	224	452	452	452	452	190	190	205	205	152	156	450	450	218	218	191	195	118	130	122	122	496	496
46	175	178	330	330	472	472	104	104	216	224	452	452	452	452	190	196	205	205	152	156	450	450	218	218	195	195	118	130	118	122	496	496
48	175	178	327	327	472	476	104	104	216	224	452	452	452	452	196	196	205	211	152	156	450	450	218	218	191	195	118	118	122	122	0	0
352	178	178	327	330	468	472	104	104	216	216	452	452	452	452	190	190	205	211	152	152	450	450	218	218	195	195	118	118	114	122	496	496
358	178	178	330	330	476	476	100	104	216	224	452	456	452	452	190	190	211	211	152	152	450	450	218	218	191	195	118	118	122	122	496	496
359	175	178	327	330	472	476	104	104	224	224	452	452	452	452	190	190	211	211	156	156	450	450	218	218	195	195	118	118	118	122	0	0
364	178	178	327	330	472	472	104	104	224	224	452	456	452	452	190	190	205	211	156	156	450	450	218	218	191	195	118	118	118	122	496	496
370	175	178	330	330	472	476	104	104	216	216	452	456	452	456	190	190	205	205	152	152	446	450	218	218	191	195	118	118	122	122	0	0
378	175	178	327	330	472	476	104	104	224	224	452	452	452	452	190	190	205	205	152	156	446	450	218	218	191	191	118	118	122	122	496	496
380	175	178	330	330	472	476	104	104	216	224	452	452	452	452	190	190	211	211	156	156	450	450	218	218	195	195	118	118	122	122	496	496
382	178	178	327	330	472	476	104	104	216	224	456	456	452	452	190	190	205	211	152	156	450	450	218	218	195	195	118	118	118	122	496	496
387	175	178	327	330	472	476	104	104	216	224	452	452	452	452	190	196	205	211	152	152	450	450	218	218	195	195	118	118	118	122	0	0
389	175	178	330	330	472	476	104	104	224	224	452	452	452	452	190	196	205	211	152	156	450	450	212	218	191	195	118	118	114	122	496	496
391	175	178	330	330	476	476	104	104	216	224	452	452	452	452	190	190	205	211	152	156	450	450	218	218	191	195	118	118	122	122	496	496
392	178	178	327	330	472	476	104	104	216	224	452	452	452	452	190	190	205	205	152	156	450	450	218	218	191	191	118	118	110	122	0	0
393	175	178	327	330	472	476	104	104	216	224	452	456	452	452	190	190	211	211	152	156	450	450	218	218	191	195	118	118	122	122	496	496
395	175	178	330	330	472	476	100	104	216	224	452	456	452	452	190	196	205	205	152	156	446	450	212	218	191	195	118	118	114	122	496	496
398	175	178	330	330	472	472	104	104	216	224	452	452	452	452	190	190	205	211	152	156	446	450	218	218	191	195	118	130	114	118	496	496
5622	178	178	327	330	472	476	104	104	216	224	452	452	452	452	196	196	211	211	152	156	446	450	218	218	191	195	130	130	114	118	496	496
32	175	178	327	327	468	472	100	104	216	224	452	452	452	452	190	196	205	211	156	156	450	450	218	218	195	195	130	130	122	122	496	496
360	175	178	327	327	468	472	100	104	216	224	452	456	452	452	190	196	205	211	156	156	446	450	218	218	191	195	118	118	122	122	0	0
361	175	178	327	330	468	472	100	104	216	224	452	452	452	452	190	196	205	205	156	156	450	450	218	218	191	195	130	130	122	122	0	0
363	175	178	327	327	472	472	100	104	216	224	452	452	452	452	190	196	205	211	156	156	450	450	218	218	191	195	118	118	122	122	0	0
373	178	178	327	327	468	468	104	104	216	224	452	456	452	452	192	196	205	205	156	156	450	450	218	218	191	195	118	130	122	122	496	496
385	175	178	330	330	468	468	104	104	222	224	452	452	0	0	190	190	205	211	156	156	450	450	218	218	191	191	118	130	114	114	496	496
590	175	178	327	330	468	472	104	104	216	216	452	452	452	452	190	190	205	205	156	156	446	450	212	218	191	195	130	130	114	122	496	496
591	178	178	327	330	468	476	104	104	216	216	452	452	452	452	190	190	205	211	152	152	450	450	218	218	191	195	118	118	114	118	496	496
914	175	178	327	330	472	476	100	104	216	224	452	452	0	0	190	196	205	211	152	152	450	450	212	218	191	195	118	118	122	122	496	496
5655	178	178	330	330	468	468	100	104	216	224	452	452	452	452	196	196	205	211	156	156	450	450	218	218	195	195	118	118	114	122	496	496
5687	175	178	330	330	472	476	104	104	216	216	452	456	0	0	190	196	205	211	152	156	450	450	218	218	191	191	118	130	122	122	496	496
633	175	178	327	327	468	472	104	104	216	224	452	452	452	452	190	190	205	211	156	156	450	450	218	218	195	195	118	118	122	122	496	496
857	178	178	327	327	468	468	104	104	216	224	452	452	452	452	190	196	205	205	156	156	450	450	218	218	195	195	118	118	114	118	496	496
891	175	178	327	330	468	468	104	104	224	224	452	456	452	452	190	190	205	205	156	156	446	450	218	218	195	195	118	118	122	122	496	496
935	175	178	327	330	468	468	100	100	224	224	452	452	452	452	196	196	211	211	152	156	446	450	212	218	191	195	118	118	122	122	496	496
936	178	178	327	330	468	472	100	104	216	224	452	452	452	452	190	196	211	211	152	156	446	450	218	218	191	195	118	130	114	122	496	496
592	175	178	330	330	468	476	100	104	216	216	452	452	452	452	190	190	205	211	152	156	450	450	218	218	191	195	130	130	118	122	496	496
558	175	178	327	330	476	476	96	104	216	224	456	456	452	452	190	196	211	211	152	156	446	450	218	218	191	195	118	130	114	122	496	496
876	175	178	327	330	468	472	104	104	216	224	452	456	0	0	190	190	211	211	152	156	446	450	218	218	195	195	130	130	122	122	496	496
888	175	178	327	330	472	472	100	104	216	224	452	452	452	452	190	196	205	211	156	156	446	450	218	218	191	195	118	118	122	122	496	496
5668	178	178	327	330	468	472	104	104	224	224	452	452	452	452	190	196	211	211	152	156	450	450	218	218	191	195	130	130	114	114	496	496
854	175	178	330	330	468	476	100	104	224	224	452	456	452	452	190	190	205	205	152	156	450	450	218	218	191	195	118	130	114	118	496	496
5652	175	178	327	330	476	476	104	104	216	216	452	452	0	0	190	196	205	211	152	156	446	450	218	218	191	195	118	118	114	118	496	496
870	175	178	327	327	468	472	100	100	216	224	452	452	0	0	190	196	205	205	156	156	450	450	218	218	191	191	118	118	114	118	496	496
5672	175	178	327	330	472	472	100	104	224	224	452	456	0	0	190	196	205	205	156	156	446	450	218	218	195	195	118	118	114	118	496	496
5686	178	178	327	330	468	476	100	104	216	224	452	452	452	452	190	190	205	211	152	156	450	450	218	218	195	195	118	118	122	122	496	496
634	178	178	327	327	468	472	104	104	216	224	452	456	452	452	190	196	205	211	156	156	450	450	218	218	191	195	118	118	118	122	496	496
104	175	178	327	327	468	472	100	104	216	224	452	456	452	456	190	196	211	211	156	156	450	450	218	218	195	195	118	118	114	114	496	496
614	175	178	327	330	468	476	104	104	216	224	452	456	452	456	190	190	205	205	152	156	450	450	218	218	191	195	118	118	114	118	496	496
5705	178	178	327	330	468	468	100	100	216	216	452	452	0	0	190	196	205	211	152	156	450	450	218	218	195	195	118	118	118	118	496	496
17	175	178	327	327	468	472	104	104	216	216	452	456	452	456	190	190	205	211	152	156	450	450	218	218	191	195	118	130	114	118	496	496
103	175	178	327	330	472	476	104	104	216	224	452	456	452	456	190	196	211	211	156	156	450	450	218	218	195	195	118	130	114	114	496	496
106	175	178	327	330	472	472	100	104	224	224	452	452	452	452	190	196	211	211	156	156	446	450	218	218	191	191	118	130	114	118	496	496
108	178	178	327	330	472	472	100	104	216	216	452	456	452	452	190	196	205	205	156	156	450	450	218	218	191	195	118	130	122	122	496	496
115	175	178	330	330	468	468	100	104	216	224	456	456	452	452	196	196	205	211	156	156	450	450	218	218	195	195	130	130	114	118	496	496
593	175	178	327	330	468	468	100	104	216	224	452	456	452	452	190	190	205	211	156	156	446	450	218	218	195	195	118	130	122	122	0	0
601	175	178	327	330	468	476	104	104	216	224	456	456	452	456	190	190	211	211	156	156	450	450	218	218	195	195	118	130	118	118	0	0
873	175	178	327	330	476	476	104	104	216	224	452	452	452	452	190	190	205	205	152	156	446	450	218	218	195	195	118	130	118	118	496	496
5710	175	178	327	330	472	476	100	104	224	224	452	452	0	0	190	190	205	211	156	156	450	450	212	218	191	195	118	118	114	122	496	496
5724	175	178	327	327	468	476	100	104	216	216	452	456	0	0	196	196	211	211	156	156	450	450	218	218	195	195	118	130	114	122	496	496
801	175	178	330	330	468	472	100	104	216	224	452	452	452	452	190	196	205	205	156	156	446	450	218	218	191	195	118	130	114	118	496	496
869	178	178	0	0	468	472	100	104	216	224	452	452	452	452	190	190	211	211	152	156	450	450	218	218	191	195	130	130	114	122	496	496
584	178	178	327	330	468	476	104	104	224	224	452	452	452	452	190	190	205	211	156	156	450	450	218	218	195	195	118	118	114	122	496	496
367	175	178	330	330	472	476	104	104	224	224	452	452	452	452	190	196	205	205	156	156	446	450	218	218	191	195	118	118	118	122	496	496
885	175	178	330	330	472	476	104	104	216	224	452	456	0	0	190	196	211	211	156	156	450	450	218	218	191	195	118	118	114	118	496	496
897	175	178	327	330	468	472	104	104	216	224	452	452	452	452	190	196	205	205	152	156	450	450	218	218	191	195	118	118	122	122	496	496
899	175	178	327	330	472	472	100	104	216	224	452	452	452	452	190	196	205	211	152	156	446	450	218	218	191	191	118	118	122	122	496	496
853	178	178	327	327	472	472	104	104	216	224	452	452	452	452	190	190	205	205	152	156	450	450	218	218	195	195	118	118	114	122	496	496
871	175	178	327	330	468	468	100	104	216	224	452	452	452	452	190	190	205	205	156	156	450	450	218	218	195	195	118	118	114	118	496	496
107	175	178	330	330	476	476	104	104	216	224	452	452	452	452	190	196	205	205	156	156	450	450	218	218	191	195	118	118	114	118	496	496
597	175	178	330	330	472	476	100	100	216	216	456	456	452	456	190	190	205	205	152	152	446	450	218	218	191	195	118	118	114	122	0	0
586	175	178	327	327	468	476	104	104	216	224	452	456	452	452	190	190	211	211	156	156	446	450	218	218	195	195	118	118	122	122	496	496
570	178	178	327	330	468	468	100	104	216	224	452	456	452	456	190	190	211	211	156	156	450	450	218	218	195	195	118	118	114	118	496	496
5584	175	178	327	330	472	472	104	104	224	224	452	456	452	452	196	196	205	211	156	156	450	450	218	218	191	191	118	118	114	118	496	496
5585	178	178	327	330	472	476	104	104	216	216	456	456	452	452	190	196	205	205	152	156	450	450	218	218	191	195	118	118	114	118	496	496
5664	178	178	330	330	468	472	104	104	224	224	452	456	0	0	190	196	205	211	152	152	450	450	218	218	195	195	118	118	122	122	496	496
5665	175	178	330	330	468	472	104	104	224	224	452	452	0	0	190	190	205	211	156	156	450	450	218	218	191	195	118	118	114	118	496	496
594	178	178	327	330	468	468	104	104	216	216	452	456	452	452	190	190	205	211	156	156	450	450	218	218	195	195	118	118	114	118	496	496
866	178	178	330	330	468	468	104	104	216	216	452	452	452	452	190	196	211	211	152	152	450	450	218	218	195	195	118	118	114	122	496	496
362	175	178	327	330	468	476	100	100	216	224	452	456	452	452	190	190	211	211	156	156	446	450	212	218	191	191	118	118	114	118	0	0
24	178	178	327	327	468	468	104	104	216	224	456	456	452	456	190	196	211	211	152	156	450	450	218	218	191	191	118	118	122	122	496	496
371	175	178	330	330	468	468	100	104	224	224	456	456	452	452	190	190	211	211	156	156	450	450	218	218	191	195	118	118	118	122	496	496
120	175	178	327	330	468	472	100	104	216	224	452	456	452	452	196	196	211	211	156	156	450	450	218	218	191	195	118	130	114	118	496	496
121	178	178	327	327	468	472	104	104	224	224	452	456	452	456	190	196	205	205	156	156	446	450	218	218	195	195	118	130	122	122	496	496
623	175	178	327	327	476	476	100	104	216	224	452	456	452	452	190	196	211	211	152	152	450	450	218	218	195	195	118	130	122	122	496	496
126	175	178	327	330	468	476	100	100	216	224	452	456	452	452	190	190	205	211	152	156	450	450	218	218	195	195	118	118	118	122	0	0
803	175	178	327	327	468	468	100	104	216	224	452	456	452	452	190	190	205	211	156	156	450	450	218	218	191	195	118	130	118	118	496	496
125	175	178	330	330	468	476	100	104	216	224	452	456	452	452	190	196	205	211	156	156	450	450	218	218	195	195	118	130	114	114	496	496
5673	175	178	327	327	468	472	104	104	216	224	452	452	452	452	190	196	205	211	152	156	446	450	218	218	191	191	118	118	114	122	496	496
864	175	178	327	327	468	476	104	104	224	224	452	452	452	452	196	196	205	205	152	156	446	450	218	218	195	195	118	118	114	118	496	496
608	175	178	327	330	468	476	104	104	216	224	452	456	452	456	190	196	205	205	156	156	450	450	212	218	191	195	118	118	114	122	0	0
565	175	178	327	330	468	476	100	104	224	224	452	456	452	452	190	196	205	211	156	156	450	450	218	218	191	195	118	118	114	122	496	496
562	175	178	327	330	468	476	96	104	216	216	452	452	452	452	190	190	205	205	156	156	450	450	212	218	195	195	118	118	114	122	496	496
559	175	178	330	330	472	476	104	104	224	224	452	452	452	452	190	196	205	205	152	156	450	450	212	218	195	195	118	118	118	122	0	0
560	175	178	330	330	472	476	104	104	216	224	452	456	452	456	190	196	205	205	156	156	450	450	218	218	195	195	118	118	118	122	0	0
564	178	178	330	330	468	472	104	104	216	216	452	452	452	452	190	190	205	211	152	156	450	450	218	218	191	195	118	130	118	118	496	496
574	178	178	327	330	468	476	100	104	224	224	452	452	452	452	190	196	205	211	156	156	450	450	218	218	191	195	118	118	122	122	512	512
576	175	178	330	330	476	476	100	104	216	224	452	452	452	452	190	190	205	211	152	156	450	450	218	218	191	191	118	118	122	122	496	496
582	175	178	327	330	468	476	104	104	224	224	452	456	452	452	196	196	205	205	152	156	450	450	212	218	191	195	118	118	114	118	496	496
589	175	178	327	330	472	472	104	104	224	224	452	456	452	456	190	196	205	211	156	156	450	450	218	218	195	195	118	118	118	122	496	496
887	178	178	327	327	472	476	104	104	216	216	456	456	452	456	190	196	211	211	156	156	446	450	218	218	191	195	118	118	122	122	496	496
5692	175	178	330	330	472	472	100	104	216	224	452	456	0	0	190	190	205	205	152	152	450	450	218	218	191	191	118	130	114	118	496	496
858	178	178	327	330	472	472	104	104	216	224	452	456	452	452	190	196	205	205	156	156	450	450	218	218	191	195	118	130	122	122	496	496
930	178	178	327	330	468	476	104	104	224	224	452	456	452	452	190	196	205	205	156	156	450	450	212	218	191	191	118	130	114	122	496	496
561	178	178	330	330	472	476	100	104	216	224	456	456	452	452	190	196	205	211	152	156	450	450	218	218	191	195	118	130	114	118	496	496
563	175	178	330	330	472	472	104	104	216	224	452	452	452	452	190	196	205	211	152	156	450	450	218	218	191	195	118	118	122	122	496	496
568	178	178	327	330	476	476	104	104	216	224	452	452	452	452	190	190	205	205	152	156	450	450	218	218	191	191	130	130	114	122	496	496
569	178	178	327	327	472	476	100	104	216	224	452	456	452	452	196	196	205	211	156	156	450	450	218	218	191	195	118	118	118	122	496	496
577	175	178	330	330	472	476	104	104	216	224	452	452	452	452	190	196	205	211	156	156	446	450	218	218	191	195	118	130	118	122	496	496
581	175	178	327	330	472	472	100	100	216	224	452	452	452	452	190	190	211	211	156	156	450	450	218	218	195	195	118	118	114	122	0	0
585	178	178	327	330	468	468	100	104	224	224	452	452	452	452	190	190	211	211	156	156	446	450	218	218	195	195	118	118	122	122	496	496
595	175	178	330	330	472	476	104	104	216	216	452	452	452	452	190	196	205	211	152	156	450	450	218	218	195	195	118	118	0	0	496	496
622	175	178	327	327	472	476	100	100	216	224	456	456	452	456	196	196	205	205	156	156	450	450	212	218	191	191	118	118	114	122	0	0
5661	178	178	330	330	468	472	104	104	224	224	452	452	452	452	196	196	205	205	156	156	446	450	218	218	191	195	118	130	114	118	496	496
40	175	178	327	330	468	468	100	100	224	224	452	456	452	452	190	196	205	211	156	156	450	450	218	218	191	195	118	130	122	122	0	0
571	175	178	327	327	468	472	100	100	216	224	452	452	452	452	190	190	211	211	156	156	450	450	218	218	191	195	118	118	122	122	496	496
812	175	178	327	330	476	476	100	104	216	216	452	452	0	0	190	196	205	211	152	156	450	450	218	218	195	195	118	118	114	118	496	496
921	178	178	327	330	476	476	104	104	216	216	452	456	0	0	190	190	205	211	156	156	450	450	218	218	191	191	118	118	122	122	496	496
5723	175	178	327	330	468	476	104	104	216	224	452	452	0	0	190	196	205	211	152	156	450	450	218	218	195	195	118	130	114	122	496	496
5587	178	178	327	330	468	476	100	104	224	224	452	452	0	0	190	196	211	211	156	156	450	450	212	218	195	195	118	118	122	122	496	496
5590	178	178	327	330	472	472	104	104	216	224	452	452	0	0	190	190	205	205	152	152	450	450	218	218	191	195	118	130	122	122	496	496
572	178	178	327	330	468	476	104	104	216	216	452	456	452	452	190	196	211	211	152	156	450	450	218	218	191	195	118	118	122	122	496	496
573	175	178	327	330	468	468	100	104	216	224	452	452	452	452	190	196	205	211	152	156	450	450	218	218	191	191	118	130	122	122	496	496
822	178	178	333	333	476	480	104	104	216	226	460	460	452	452	190	196	205	211	156	156	450	450	218	218	191	195	118	130	114	122	496	496
832	178	178	330	330	472	472	104	104	216	216	456	456	452	452	190	190	205	211	156	156	450	450	218	218	191	195	118	130	114	118	0	0
890	178	178	333	333	480	480	104	104	226	226	456	460	452	452	196	196	205	211	152	152	450	450	218	218	191	195	118	118	118	122	496	496
892	178	178	330	333	476	480	104	104	226	226	456	460	452	452	190	190	211	213	152	156	446	450	218	218	191	195	118	118	118	122	496	496
932	178	178	330	330	472	472	104	104	216	226	456	460	452	452	190	190	211	211	156	156	450	450	212	218	195	195	118	118	114	118	496	496
5660	178	178	330	330	468	476	104	104	216	216	452	456	0	0	190	190	205	205	152	156	450	450	218	218	191	195	118	130	122	122	496	496
5670	175	178	327	327	468	472	104	104	216	224	452	452	452	452	190	196	205	211	152	156	450	450	218	218	195	195	118	130	122	122	496	496
5674	175	178	330	330	468	476	104	104	224	224	452	452	452	452	190	190	205	211	152	152	450	450	218	218	195	195	118	130	114	118	496	496
5679	178	178	327	330	472	476	104	104	216	216	452	456	0	0	196	196	211	211	152	156	446	450	218	218	191	195	118	118	122	122	496	496
5695	175	178	330	330	472	476	100	104	216	224	456	456	452	452	196	196	205	205	152	152	450	450	218	218	195	195	118	130	114	122	496	496
18	175	178	327	330	468	476	104	104	216	216	452	456	452	456	190	196	211	211	156	156	450	450	218	218	195	195	118	118	114	118	496	496
5698	175	178	327	330	472	476	104	104	216	224	452	452	452	452	190	190	205	205	152	156	450	450	218	218	191	195	118	118	122	122	496	496
6282	175	178	327	330	468	472	104	104	216	216	452	456	0	0	190	190	211	211	152	156	450	450	218	218	191	195	118	118	114	118	496	496
6286	175	178	330	330	468	476	100	104	216	224	452	452	0	0	190	196	205	205	152	152	450	450	218	218	191	195	130	130	114	122	496	496
6288	175	178	327	330	468	476	104	104	216	216	452	452	0	0	190	190	205	205	156	156	446	450	218	218	191	195	118	118	114	122	496	496
925	175	175	0	0	468	472	100	104	216	216	452	456	0	0	190	196	205	211	152	156	450	450	218	218	195	195	118	130	122	122	496	496
579	175	178	327	327	468	472	104	104	224	224	452	452	452	452	190	190	211	211	156	156	446	450	218	218	191	191	118	118	114	114	496	496
917	175	178	327	330	476	476	100	100	216	224	452	456	452	456	190	190	205	211	152	152	446	450	218	218	191	195	118	130	114	122	496	496
357	175	178	327	327	468	472	100	100	216	224	452	452	452	452	190	190	211	211	156	156	450	450	218	218	191	195	118	130	122	122	496	496
400	175	178	327	330	468	472	104	104	216	224	452	452	452	452	190	190	205	205	152	156	450	450	218	218	195	195	118	118	110	122	0	0
882	175	178	330	330	472	476	104	104	216	224	0	0	452	452	190	196	211	211	152	156	446	450	212	218	191	195	118	118	114	122	496	496
6277	175	178	327	330	468	472	100	104	216	224	452	456	0	0	190	190	205	211	152	152	450	450	218	218	191	195	118	118	114	122	496	496
862	175	178	327	330	468	468	100	104	216	224	452	456	452	452	190	190	211	211	152	156	450	450	218	218	195	195	118	118	122	122	496	496
928	175	178	327	330	468	468	100	104	216	224	452	456	452	452	190	196	205	211	156	156	450	450	212	218	191	191	118	130	122	122	496	496
388	175	178	327	330	476	476	104	104	216	216	452	452	452	452	190	196	205	205	156	156	450	450	218	218	195	195	118	130	110	122	0	0
22	175	178	330	330	468	468	100	104	216	216	452	456	452	456	190	190	205	211	152	156	450	450	218	218	191	191	118	118	114	118	496	496
5589	175	178	327	330	472	476	104	104	216	224	452	452	0	0	190	190	205	211	152	156	450	450	218	218	191	195	118	118	122	122	496	496
5596	175	178	327	330	472	472	104	104	224	224	452	456	452	452	190	190	205	205	152	156	450	450	218	218	195	195	118	118	122	122	496	496
556	175	178	327	327	468	476	100	104	216	216	452	452	452	452	190	190	211	211	152	156	450	450	218	218	195	195	118	118	114	122	496	496
557	178	178	327	330	468	476	104	104	216	224	452	456	452	452	190	196	205	205	152	156	446	450	218	218	195	195	118	118	118	118	496	496
390	175	178	330	330	468	468	104	104	216	224	452	456	452	456	190	196	205	211	156	156	450	450	218	218	191	191	118	118	114	114	496	496
902	178	178	327	330	468	476	104	104	216	224	452	452	452	452	196	196	211	211	152	152	450	450	218	218	191	191	118	118	122	122	496	496
913	178	178	0	0	0	0	104	104	216	216	452	456	0	0	190	196	205	211	152	156	0	0	218	218	195	195	118	118	122	122	0	0
927	175	178	327	330	468	468	100	104	224	224	452	452	452	452	190	190	205	205	152	156	450	450	218	218	191	195	118	118	122	122	496	496
45	175	178	327	330	468	468	104	104	216	224	452	452	452	452	196	196	205	211	156	156	450	450	218	218	191	195	118	130	114	122	496	496
365	175	178	330	330	468	472	104	104	216	224	456	456	452	456	196	196	205	211	156	156	446	450	212	218	191	195	118	118	114	122	0	0
366	178	178	330	330	468	468	100	104	216	224	456	456	452	456	190	196	205	211	156	156	450	450	218	218	191	191	118	118	122	122	0	0
368	175	178	330	330	468	468	104	104	224	224	452	456	452	456	190	196	205	211	156	156	450	450	212	218	191	191	118	118	114	122	496	496
369	175	178	327	327	468	468	104	104	224	224	452	456	452	456	190	196	211	211	152	156	450	450	218	218	191	191	118	130	114	122	496	496
383	175	178	330	330	468	472	104	104	224	224	452	456	452	456	196	196	205	211	156	156	450	450	218	218	191	191	118	118	114	114	496	496
603	175	178	327	327	468	472	104	104	224	224	452	452	452	452	190	196	205	211	156	156	450	450	212	218	191	191	118	118	114	122	496	496
5675	175	178	330	330	468	472	104	104	216	224	452	452	452	452	190	190	205	211	156	156	450	450	218	218	191	191	118	130	118	118	496	496
5682	175	178	327	327	468	468	104	104	216	224	452	456	0	0	196	196	205	211	156	156	450	450	218	218	191	195	118	118	118	118	496	496
567	178	178	327	327	472	472	100	104	216	224	452	452	452	452	190	190	211	211	156	156	450	450	218	218	191	191	118	118	114	122	496	496
587	175	178	327	327	472	472	104	104	216	224	452	452	452	452	190	196	211	211	156	156	446	450	212	212	195	195	118	118	122	122	496	496
613	175	178	327	327	468	476	100	104	216	224	452	456	452	452	190	190	205	211	152	156	450	450	212	218	195	195	130	130	114	114	496	496
627	175	178	327	330	472	472	100	104	216	224	452	456	452	452	190	190	205	211	156	156	450	450	218	218	191	191	118	130	118	118	496	496
804	175	178	327	327	476	476	100	104	216	224	452	456	0	0	190	190	211	211	156	156	0	0	212	218	191	195	130	130	118	118	0	0
5586	178	178	327	327	468	472	104	104	224	224	452	456	0	0	190	196	205	211	156	156	450	450	218	218	191	195	118	118	122	122	496	496
5588	175	178	327	330	468	468	104	104	216	224	456	456	452	452	190	196	205	205	156	156	450	450	218	218	191	195	118	130	122	122	496	496
5592	175	178	327	330	468	468	104	104	216	224	452	452	452	452	190	196	205	211	152	156	450	450	218	218	191	191	118	118	122	122	496	496
5599	175	178	327	330	468	468	104	104	216	224	452	452	452	452	196	196	205	205	152	156	450	450	212	218	191	191	118	118	122	122	496	496
6701	175	178	327	327	468	472	100	104	216	224	452	456	0	0	190	196	205	205	156	156	450	450	218	218	191	191	118	118	114	122	496	496
833	175	178	330	330	472	476	100	100	216	224	452	456	0	0	190	190	211	211	156	156	450	450	212	218	195	195	118	118	118	118	496	496
575	175	178	327	330	472	476	100	104	216	224	452	452	452	452	190	196	205	211	152	156	450	450	218	218	191	195	118	118	122	122	496	496
5654	175	178	327	330	472	472	100	104	216	224	452	452	452	452	196	196	205	205	152	156	450	450	218	218	191	191	118	118	122	122	496	496
5657	178	178	327	330	468	476	100	104	224	224	452	452	452	452	190	190	205	205	156	156	450	450	218	218	191	195	118	118	122	122	496	496
5663	175	178	330	330	472	476	104	104	224	224	452	452	452	452	190	196	205	205	152	156	450	450	212	218	191	195	118	130	114	118	496	496
5680	175	178	327	330	468	468	104	104	216	224	452	456	0	0	190	190	205	211	152	156	450	450	218	218	191	195	118	118	114	118	496	496
6281	178	178	327	330	468	476	100	104	216	224	452	456	0	0	190	196	205	205	156	156	446	446	212	218	191	195	118	118	122	122	496	496
588	175	178	327	330	472	476	100	104	216	224	452	456	452	452	190	190	205	211	152	156	450	450	212	218	191	195	118	118	118	122	496	496
851	175	178	327	330	472	476	104	104	224	224	452	452	452	452	190	196	205	205	152	156	450	450	218	218	191	195	118	130	122	122	496	496
596	175	178	327	330	468	476	104	104	216	224	452	452	452	452	190	190	205	205	152	156	450	450	218	218	191	195	118	130	118	118	496	496
372	175	178	327	330	468	472	100	104	224	224	452	456	452	452	190	196	205	205	152	156	450	450	218	218	191	195	118	118	114	122	496	496
880	175	178	327	330	468	476	104	104	216	224	452	452	452	452	190	190	205	205	152	156	450	450	218	218	191	195	118	118	122	122	496	496
886	175	178	327	330	468	476	104	104	224	224	452	456	0	0	190	196	205	211	156	156	446	450	212	218	191	191	118	118	122	122	496	496
896	175	178	327	330	472	476	104	104	216	224	452	452	452	452	190	196	205	211	156	156	450	450	218	218	195	195	118	118	122	122	496	496
5669	175	178	330	330	468	472	104	104	216	224	452	452	452	452	190	196	205	211	156	156	450	450	218	218	195	195	118	118	122	122	496	496
5671	175	178	327	330	468	468	104	104	224	224	452	452	0	0	196	196	205	211	152	156	446	450	218	218	191	191	118	130	122	122	496	496
580	175	178	327	330	468	476	104	104	224	224	452	456	452	456	190	190	205	211	156	156	450	450	218	218	191	195	118	118	114	114	496	496
5678	175	178	327	330	472	476	104	104	224	224	456	456	452	452	190	196	205	211	152	156	446	450	218	218	195	195	118	130	114	122	496	496
5694	175	178	330	330	476	476	104	104	216	216	452	452	452	452	190	196	205	205	152	152	450	450	218	218	195	195	118	118	114	118	496	496
852	175	178	327	327	468	472	104	104	216	224	452	452	452	452	190	196	205	211	152	156	450	450	218	218	195	195	118	118	114	122	496	496
712	178	178	330	330	472	476	104	104	216	216	456	460	452	452	190	190	211	211	152	156	450	450	218	218	195	195	118	130	114	122	496	496
715	178	178	333	333	476	480	100	100	216	216	456	456	452	452	190	190	205	211	152	156	446	450	212	218	191	195	118	130	114	122	496	496
716	175	178	330	333	472	472	104	104	216	216	456	460	452	452	190	190	205	211	156	156	450	450	212	218	195	195	118	130	118	122	496	496
718	178	178	330	333	472	480	100	104	226	226	456	460	452	452	196	196	205	205	152	156	450	450	218	218	191	195	118	118	114	118	0	0
719	178	178	330	330	480	480	104	104	216	216	456	456	452	452	190	190	205	211	156	156	450	450	218	218	195	195	118	130	114	114	0	0
720	178	178	330	330	472	480	100	104	216	226	456	456	452	452	190	196	205	205	156	156	446	446	218	218	195	195	118	118	114	122	496	496
721	178	178	330	333	472	480	100	104	216	226	456	456	452	452	190	196	205	211	156	156	446	450	212	212	191	195	118	130	114	118	0	0
722	178	178	330	330	472	480	104	104	216	216	456	456	452	452	190	190	211	211	156	156	450	450	218	218	191	195	118	118	114	118	0	0
723	178	178	330	330	472	476	104	104	216	226	456	460	452	452	190	190	211	211	152	156	446	450	218	218	195	195	118	118	118	122	0	0
725	178	178	330	333	472	472	100	104	216	226	456	456	452	452	190	190	211	211	152	156	450	450	218	218	191	195	118	130	114	114	496	496
726	178	178	330	333	480	480	100	104	216	226	456	456	452	452	190	190	205	211	156	156	450	450	212	218	195	195	118	118	122	122	496	496
728	178	178	330	330	476	476	100	104	216	226	456	456	452	452	190	196	211	211	152	156	446	450	218	218	195	195	118	130	122	122	0	0
729	178	178	330	333	476	480	100	100	216	216	456	456	452	452	190	190	205	211	156	156	446	450	218	218	191	191	118	118	114	114	0	0
730	178	178	333	333	476	480	100	104	216	216	456	456	452	452	190	190	211	211	152	156	450	450	218	218	195	195	118	118	122	122	496	496
732	178	178	330	330	472	480	104	104	216	226	456	460	452	452	190	196	211	211	156	156	450	450	212	218	195	195	118	130	114	122	0	0
733	178	178	333	333	472	480	100	100	226	226	456	456	452	452	190	190	205	205	156	156	446	450	218	218	195	195	118	118	114	122	0	0
735	178	178	330	333	472	472	100	104	216	226	456	460	452	456	190	190	211	211	152	156	446	450	218	218	195	195	118	118	114	114	496	496
736	178	178	333	333	472	476	100	104	216	216	456	460	452	452	190	196	205	211	156	156	450	450	218	218	195	195	130	130	114	122	496	496
737	178	178	330	330	472	472	104	104	216	216	456	460	452	452	190	190	211	211	156	156	450	450	218	218	195	195	118	130	114	122	0	0
738	178	178	330	330	480	480	104	104	216	226	456	456	452	452	190	190	211	211	156	156	446	450	218	218	191	195	118	130	114	122	496	496
740	178	178	330	330	476	480	104	104	216	216	456	460	452	452	190	196	205	211	156	156	450	450	218	218	195	195	118	118	114	122	496	496
741	178	178	330	330	476	480	100	104	226	226	456	456	452	452	190	196	211	211	156	156	450	450	218	218	195	195	118	130	114	122	0	0
742	175	178	330	333	472	480	104	104	216	226	456	456	452	452	190	190	211	211	152	156	446	446	218	218	195	195	118	118	114	122	0	0
743	178	178	330	330	476	480	104	104	216	216	456	460	452	452	190	190	205	211	156	156	450	450	212	218	195	195	118	118	114	114	0	0
744	178	178	333	333	472	480	104	104	216	216	456	456	452	452	190	190	211	211	152	156	450	450	218	218	195	195	118	118	114	118	496	496
746	178	178	330	330	480	480	100	104	216	216	456	460	452	452	190	196	205	205	152	156	450	450	212	218	195	195	130	130	114	122	496	496
747	178	178	330	330	472	480	104	104	216	226	456	456	452	452	190	196	205	211	152	156	446	450	212	218	195	195	118	118	122	122	0	0
748	178	178	333	333	476	476	100	104	216	226	456	460	452	452	190	190	205	205	156	156	446	450	212	218	195	195	118	118	114	122	0	0
749	175	178	330	333	472	472	100	104	216	216	456	456	452	452	190	196	211	211	152	156	446	450	212	218	195	195	118	118	114	122	496	496
750	178	178	330	330	472	480	100	100	216	226	456	456	452	452	190	190	211	211	156	156	450	450	218	218	195	195	118	118	114	122	0	0
598	175	178	327	330	468	472	100	104	216	216	452	456	452	452	196	196	205	211	152	156	450	450	218	218	195	195	130	130	114	118	496	496
25	175	178	327	330	468	472	100	104	216	224	452	456	452	456	190	196	205	211	156	156	450	450	212	218	191	191	118	118	118	122	0	0
26	178	178	327	327	468	468	104	104	216	224	452	452	452	452	190	196	205	211	156	156	450	450	212	218	191	191	118	130	114	118	496	496
29	175	178	330	330	468	468	104	104	216	224	452	452	452	452	190	196	211	211	156	156	450	450	218	218	191	191	118	118	114	122	496	496
37	175	178	327	330	468	468	100	104	224	224	452	452	452	452	190	196	211	211	152	156	450	450	218	218	191	191	118	118	118	122	0	0
38	175	178	330	330	468	472	100	104	216	224	452	456	452	456	190	190	211	211	152	152	450	450	218	218	191	195	118	118	114	122	496	496
39	175	178	327	327	472	472	100	104	224	224	452	456	452	456	190	196	211	211	156	156	450	450	212	218	191	191	118	118	122	122	496	496
375	175	178	330	330	472	480	100	104	216	216	456	460	452	452	190	190	205	211	152	156	450	450	218	218	191	191	130	130	114	122	496	496
377	175	178	330	330	468	468	100	104	224	224	456	456	452	456	190	196	211	211	156	156	450	450	218	218	191	191	118	118	122	122	496	496
379	175	178	330	330	468	468	104	104	216	224	452	456	452	452	190	190	211	211	156	156	450	450	218	218	191	191	118	118	114	122	496	496
384	175	178	330	330	472	472	104	104	216	224	452	456	452	456	190	196	211	211	156	156	450	450	212	218	191	191	118	118	122	122	496	496
386	178	178	330	330	476	480	104	104	216	226	456	460	452	452	190	190	205	211	156	156	450	450	218	218	191	195	118	130	122	122	496	496
396	175	178	327	327	468	476	100	104	224	224	452	456	452	452	190	196	205	211	156	156	450	450	212	218	191	195	130	130	114	118	496	496
397	178	178	327	330	468	468	104	104	216	216	452	452	452	452	190	190	205	211	156	156	450	450	218	218	191	195	118	118	114	122	496	496
915	0	0	330	330	0	0	104	104	216	224	0	0	0	0	190	196	205	211	156	156	450	450	218	218	191	191	118	118	114	114	496	496
926	0	0	330	330	0	0	100	100	224	224	0	0	0	0	190	196	211	211	156	156	450	450	218	218	191	195	118	118	122	122	496	496
901	178	178	327	330	468	472	104	104	216	224	456	456	452	452	190	196	205	211	156	156	446	450	218	218	191	195	118	118	114	122	496	496
5597	178	178	330	330	468	468	100	104	224	224	452	456	0	0	190	196	211	211	156	156	450	450	218	218	191	191	118	118	122	122	496	496
5676	178	178	327	330	468	468	104	104	216	224	452	452	452	452	190	196	211	211	152	156	450	450	218	218	191	191	118	118	114	118	496	496
6283	178	178	330	330	468	468	104	104	216	224	452	452	452	452	190	196	205	205	156	156	450	450	218	218	191	191	118	130	122	122	496	496
262	178	178	327	327	476	476	100	104	216	216	452	452	452	452	190	196	205	211	152	152	450	450	218	218	191	191	130	130	114	122	496	496
265	178	178	327	330	468	476	100	104	216	224	452	456	452	452	190	196	205	211	152	156	450	450	212	218	191	191	130	130	118	122	496	496
280	178	178	327	330	472	476	100	100	216	216	452	456	452	452	190	190	211	211	152	156	450	450	218	218	191	191	118	130	114	118	496	496
285	178	178	327	327	468	476	100	104	216	224	452	456	452	452	190	196	211	211	152	156	450	450	212	218	191	195	118	130	118	122	496	496
294	175	178	327	327	468	472	104	104	216	224	452	456	452	452	190	196	211	211	156	156	450	450	212	218	191	195	130	130	114	118	496	496
295	178	178	327	327	468	472	100	104	216	224	452	452	452	452	190	190	205	205	152	156	450	450	218	218	195	195	118	130	114	122	496	496
298	178	178	327	327	468	468	104	104	216	216	452	452	452	452	190	190	211	211	152	156	450	450	218	218	195	195	130	130	122	122	496	496
299	178	178	327	330	468	468	100	100	216	224	452	452	452	452	190	190	205	211	156	156	450	450	215	218	191	195	118	130	114	118	496	496
328	178	178	327	330	472	476	100	104	216	216	452	452	0	0	190	196	205	211	152	156	0	0	218	218	0	0	118	130	114	122	496	496
401	178	178	327	327	468	472	100	104	216	224	452	456	452	452	190	196	211	211	152	156	450	450	218	218	191	195	118	130	114	122	496	496
402	178	178	327	327	468	472	100	104	216	224	452	456	452	452	190	190	211	211	152	152	450	450	212	218	191	195	118	118	114	118	496	496
405	178	178	327	327	468	476	104	104	216	224	452	452	452	452	190	190	211	211	156	156	450	450	218	218	191	195	118	130	122	122	496	496
408	175	178	327	330	468	472	100	100	216	224	452	452	452	452	190	196	211	211	156	156	446	450	218	218	191	195	118	130	122	122	496	496
411	178	178	327	327	472	472	104	104	216	216	452	452	452	452	190	196	205	211	152	156	450	450	218	218	195	195	118	118	118	122	496	496
418	175	178	327	330	468	476	100	104	216	224	452	452	452	452	190	196	205	205	156	156	450	450	218	218	191	191	118	118	114	122	496	496
425	178	178	327	327	472	472	96	104	216	224	452	452	452	452	190	190	211	211	152	156	450	450	218	218	191	195	118	118	114	122	496	496
428	178	178	327	330	472	476	100	104	216	224	452	452	452	452	190	190	205	211	152	156	450	450	218	218	191	195	118	118	118	122	496	496
431	175	178	327	327	468	476	100	100	216	224	452	452	452	452	196	196	205	211	156	156	450	450	218	218	191	195	118	130	114	118	496	496
433	178	178	327	327	476	476	104	104	216	224	452	456	452	452	190	196	211	211	156	156	450	450	212	218	191	191	118	118	114	122	496	496
434	178	178	327	327	468	468	100	104	216	224	452	452	452	452	190	190	205	211	152	156	450	450	218	218	195	195	130	130	114	118	496	496
437	178	178	327	327	468	472	104	104	216	216	452	452	452	452	190	190	205	211	152	156	450	450	218	218	191	195	118	130	122	122	496	496
438	178	178	327	327	468	472	104	104	216	216	452	452	452	452	190	190	211	211	156	156	450	450	218	218	195	195	118	130	114	122	496	496
440	178	178	327	327	476	476	104	104	216	224	452	456	452	452	196	196	211	211	156	156	450	450	212	218	191	191	118	130	114	114	496	496
442	175	178	327	327	472	472	100	104	216	224	452	456	452	452	190	190	0	0	156	156	450	450	218	218	195	195	118	118	114	118	496	496
2695	178	178	327	330	476	476	100	104	216	216	452	452	452	452	190	190	205	211	156	156	450	450	218	218	195	195	118	118	118	118	496	496
2714	178	178	327	327	468	476	104	104	216	224	452	456	452	452	190	190	205	211	152	156	0	0	218	218	195	195	130	130	118	118	496	496
2807	178	178	327	330	468	472	104	104	216	216	452	456	452	452	190	190	211	211	152	156	450	450	218	218	191	195	118	118	118	118	496	496
270608	178	178	327	327	468	476	104	104	216	216	452	456	452	452	190	196	211	211	156	156	450	450	218	218	195	195	118	130	118	118	496	496
H201475 	178	178	327	327	468	472	104	104	216	224	452	452	452	452	190	196	211	211	152	156	446	450	218	218	191	195	118	118	118	122	496	496
H270308 	175	178	327	327	468	476	100	104	216	216	452	452	452	452	190	196	205	211	152	152	450	450	212	218	191	195	118	118	114	122	496	496
H276708 	178	178	327	330	468	476	104	104	216	224	452	456	452	452	190	190	211	211	152	152	446	446	218	218	195	195	118	130	114	122	496	496
H281808 	178	178	327	330	472	476	104	104	216	216	452	452	452	452	190	190	0	0	152	156	0	0	0	0	0	0	118	130	114	114	496	496
101	178	178	327	327	472	472	100	100	224	224	452	456	452	456	190	190	211	211	156	156	446	446	218	218	191	195	118	130	122	122	496	496
123	175	178	330	330	472	476	104	104	216	224	452	456	452	456	190	190	205	205	156	156	450	450	218	218	191	195	118	118	118	122	496	496
129	175	178	327	330	476	476	104	104	216	224	452	456	452	452	196	196	205	211	156	156	446	450	218	218	191	195	118	118	114	114	496	496
604	175	178	327	330	468	472	104	104	216	224	452	452	452	452	190	196	205	211	152	156	446	450	218	218	195	195	118	118	114	122	496	496
609	178	178	327	327	472	476	104	104	216	224	452	456	452	452	190	190	205	211	152	156	446	450	218	218	195	195	130	130	114	118	496	496
615	175	178	330	330	476	476	104	104	216	224	452	452	452	452	190	190	205	211	152	156	446	450	218	218	195	195	118	118	122	122	496	496
621	175	178	327	327	472	472	104	104	216	224	452	452	452	452	190	190	211	211	156	156	450	450	218	218	195	195	118	118	114	114	496	496
632	175	178	330	330	468	472	104	104	216	224	452	456	452	452	196	196	205	205	152	152	450	450	218	218	195	195	118	118	122	122	496	496
815	178	178	327	327	472	476	104	104	216	224	452	452	0	0	190	190	205	211	156	156	450	450	212	218	191	195	118	118	122	122	496	496
819	175	178	330	330	468	476	104	104	216	224	452	456	0	0	190	196	205	205	156	156	446	450	218	218	191	195	118	118	122	122	496	496
826	175	178	327	330	468	472	100	104	216	224	452	452	0	0	190	196	205	205	152	156	446	450	218	218	195	195	118	130	114	118	496	496
105	175	178	327	327	468	472	100	100	216	224	456	456	452	456	190	196	205	211	152	156	450	450	212	218	191	195	118	118	114	114	496	496
5579	178	178	327	327	468	468	100	100	216	224	452	456	0	0	190	190	211	211	156	156	450	450	218	218	191	195	130	130	118	118	496	496
830	175	178	327	330	472	476	100	104	216	224	452	452	0	0	190	196	211	211	152	156	450	450	212	218	191	195	118	118	114	122	496	496
5703	175	178	327	327	468	468	100	104	216	216	456	456	452	452	190	190	211	211	152	156	450	450	218	218	191	195	130	130	118	118	496	496
5704	178	178	327	330	472	476	104	104	224	224	452	456	452	452	190	196	205	211	152	156	450	450	218	218	191	195	130	130	114	118	496	496
6	175	178	330	330	468	468	104	104	216	216	452	456	452	456	190	190	211	211	156	156	450	450	218	218	195	195	118	130	114	114	496	496
7	178	178	330	330	472	476	104	104	216	224	452	456	452	456	196	196	205	211	156	156	450	450	218	218	195	195	118	130	114	122	496	496
9	178	178	330	330	472	472	100	104	216	224	452	456	452	452	196	196	211	211	156	156	450	450	218	218	191	195	118	118	114	122	496	496
10	178	178	327	327	468	472	104	104	216	224	456	456	452	456	190	196	205	211	156	156	450	450	218	218	195	195	118	130	114	114	496	496
132	178	178	327	330	468	472	104	104	216	216	452	452	452	452	190	196	211	211	152	156	450	450	218	218	195	195	118	130	114	118	496	496
133	175	178	327	327	468	476	104	104	216	224	452	452	452	452	196	196	211	211	156	156	450	450	218	218	195	195	118	118	114	118	496	496
136	178	178	327	327	468	472	100	104	216	216	452	456	452	452	190	196	205	211	156	156	450	450	218	218	195	195	118	118	118	122	496	496
137	178	178	327	330	468	476	100	104	216	224	452	456	452	456	190	190	211	211	156	156	450	450	218	218	195	195	118	130	118	118	0	0
138	178	178	330	330	468	472	100	100	216	224	452	456	452	452	190	196	211	211	152	156	450	450	218	218	195	195	118	130	118	122	496	496
139	175	178	327	330	468	472	100	100	224	224	456	456	452	456	190	190	211	211	152	156	450	450	218	218	195	195	118	118	114	122	496	496
140	175	178	330	330	472	476	100	104	216	224	456	456	452	456	190	194	205	211	152	156	450	450	218	218	195	195	118	130	114	114	496	496
141	178	178	327	330	468	468	104	104	216	224	452	452	452	452	190	194	211	211	152	156	450	450	212	218	195	195	118	130	114	118	0	0
142	175	178	327	330	468	468	100	100	224	224	452	456	452	452	190	194	211	211	156	156	450	450	218	218	195	195	118	118	114	118	496	496
145	178	178	330	330	468	476	104	104	216	224	452	456	452	452	196	196	205	211	156	156	450	450	218	218	195	195	118	118	118	118	496	496
147	178	178	330	330	468	472	104	104	224	224	456	456	452	452	196	196	211	211	152	156	450	450	218	218	195	195	118	118	114	118	496	496
148	178	178	327	330	468	472	104	104	216	224	452	456	452	456	190	190	205	211	156	156	450	450	218	218	191	195	118	118	122	122	496	496
150	178	178	327	327	468	468	100	104	224	224	452	456	452	456	190	190	205	211	156	156	450	450	212	218	191	195	118	118	114	118	496	496
321	178	178	327	327	468	468	104	104	216	224	456	456	0	0	190	190	205	211	156	156	450	450	218	218	195	195	118	130	118	122	496	496
637	178	178	327	330	468	468	100	104	216	224	452	456	452	452	196	196	211	211	156	156	450	450	218	218	191	195	118	130	118	118	496	496
638	178	178	327	327	468	468	104	104	216	216	456	456	452	452	190	196	205	211	156	156	450	450	218	218	191	195	130	130	114	122	496	496
640	178	178	327	327	468	468	104	104	216	216	452	456	452	456	190	196	211	211	152	156	450	450	218	218	195	195	118	118	114	118	496	496
641	178	178	327	330	472	476	104	104	216	216	452	456	452	456	190	196	205	211	152	156	450	450	218	218	191	195	118	118	118	118	496	496
642	175	178	327	330	468	472	104	104	216	224	456	456	452	456	190	196	211	211	152	156	450	450	218	218	195	195	118	118	0	0	496	496
643	175	178	330	330	472	472	100	100	216	216	452	456	452	452	190	196	205	211	156	156	450	450	218	218	195	195	118	118	118	118	0	0
644	178	178	327	330	468	472	104	104	216	224	456	456	452	452	196	196	205	211	156	156	450	450	218	218	191	195	118	130	114	118	496	496
646	178	178	327	330	468	476	100	100	216	224	452	456	452	456	190	190	211	211	156	156	450	450	212	218	195	195	118	118	118	118	496	496
650	178	178	327	330	472	476	100	100	216	224	452	452	452	452	190	190	205	211	156	156	450	450	218	218	195	195	118	118	0	0	496	496
MV005 	178	178	327	330	468	468	100	104	216	216	456	456	452	456	190	196	211	211	152	156	450	450	218	218	195	195	118	130	0	0	496	496
MV007 	178	178	327	330	468	472	100	104	216	224	452	452	452	452	190	190	211	211	152	156	450	450	218	218	195	195	118	118	118	118	496	496
MV010 	175	175	327	330	468	476	100	100	224	224	452	456	452	452	190	190	205	211	156	156	450	450	218	218	195	195	118	130	114	122	496	496
Z52264 	178	178	330	330	476	476	104	104	216	224	452	452	452	452	190	196	211	211	156	156	450	450	218	218	195	195	118	118	114	114	496	496
Z52272 	178	178	327	330	472	472	100	104	224	224	452	452	452	452	190	190	211	211	152	156	450	450	218	218	191	195	118	118	0	0	496	496
645	175	178	327	327	468	468	100	104	216	224	452	452	452	452	190	196	211	211	152	156	450	450	218	218	195	195	130	130	114	118	0	0
MV014	175	178	327	330	468	476	100	104	216	224	452	452	452	452	190	190	211	211	152	156	450	450	218	218	195	195	118	118	118	118	496	496
Z52209	175	175	327	327	468	468	100	104	216	216	456	456	452	456	196	196	211	211	152	156	450	450	212	218	191	195	118	118	0	0	0	0
600	175	178	330	330	472	476	104	104	216	224	452	456	452	452	190	190	205	205	156	156	450	450	212	218	191	195	118	118	118	122	496	496
893	175	178	330	330	468	472	100	104	224	224	0	0	452	452	196	196	205	211	156	156	450	450	212	218	191	195	118	118	114	118	496	496
102	175	178	327	330	468	468	100	104	216	216	452	456	452	456	190	190	211	211	152	156	450	450	218	218	195	195	118	130	118	122	496	496
110	175	178	327	327	468	472	100	104	216	224	452	456	452	456	190	196	205	205	152	156	450	450	218	218	195	195	130	130	114	114	496	496
112	175	178	327	330	468	472	100	104	224	224	452	456	452	456	190	196	205	211	156	156	450	450	218	218	195	195	118	130	114	118	496	496
117	175	178	327	330	468	476	100	100	216	224	452	456	452	456	190	196	205	205	156	156	450	450	218	218	195	195	118	130	114	118	496	496
118	178	178	327	330	468	476	104	104	216	216	452	456	452	456	190	190	211	211	156	156	450	450	218	218	195	195	130	130	114	118	496	496
122	175	178	330	330	472	476	104	104	216	224	456	456	452	456	190	190	205	205	152	156	450	450	212	218	195	195	118	118	122	122	496	496
124	175	178	327	327	468	472	104	104	216	224	452	452	452	452	190	190	211	211	156	156	450	450	218	218	191	195	130	130	114	122	496	496
128	175	178	327	327	468	468	100	104	216	216	452	452	452	452	196	196	211	211	156	156	450	450	218	218	191	195	118	130	118	122	496	496
130	178	178	327	327	468	468	100	104	216	216	456	456	452	456	196	196	211	211	156	156	450	450	218	218	195	195	118	130	118	122	496	496
612	178	178	327	330	472	476	104	104	216	224	452	456	452	452	190	190	205	211	156	156	450	450	218	218	195	195	130	130	118	122	0	0
617	175	178	327	330	476	476	100	100	224	224	452	456	452	452	190	190	205	205	152	156	450	450	218	218	191	195	118	130	122	122	0	0
619	175	178	327	330	468	468	100	100	216	216	452	456	452	452	190	190	211	211	156	156	446	450	218	218	191	195	118	130	118	122	0	0
620	178	178	327	330	468	472	100	100	224	224	452	456	452	456	190	190	205	211	152	152	450	450	218	218	195	195	118	130	114	118	0	0
625	175	178	327	327	468	468	100	104	216	224	452	452	452	452	190	196	211	211	156	156	450	450	215	218	195	195	130	130	122	122	0	0
628	175	178	327	330	468	476	100	104	216	224	452	456	452	452	196	196	205	211	156	156	450	450	215	218	195	195	118	130	118	122	0	0
629	175	178	327	330	468	472	100	104	216	216	452	452	452	452	190	190	205	211	156	156	450	450	218	218	191	195	118	118	114	122	0	0
630	175	178	327	330	472	472	104	104	216	216	456	456	452	456	190	196	211	211	156	156	450	450	218	218	191	195	118	118	114	114	0	0
631	175	178	327	327	472	472	100	104	216	224	456	456	452	456	190	196	205	211	152	156	450	450	218	218	195	195	118	130	114	114	496	496
829	0	0	330	330	0	0	100	100	216	216	0	0	0	0	190	196	205	211	156	156	450	450	218	218	195	195	118	130	118	122	0	0
831	0	0	327	330	0	0	100	104	216	224	0	0	0	0	190	196	211	211	156	156	450	450	218	218	195	195	118	130	118	122	0	0
605	175	178	327	330	468	476	100	104	224	224	456	456	452	452	190	196	205	211	156	156	450	450	218	218	195	195	118	130	118	122	496	496
114	178	178	327	330	468	468	104	104	216	224	452	452	452	452	190	196	211	211	156	156	450	450	218	218	195	195	118	130	118	122	496	496
816	178	178	327	330	472	476	100	100	224	224	452	456	0	0	190	196	205	205	156	156	450	450	218	218	195	195	118	118	122	122	496	496
823	0	0	327	327	468	472	100	104	216	216	452	452	452	452	190	196	211	211	156	156	450	450	218	218	191	191	118	118	114	118	496	496
825	178	178	327	330	468	472	104	104	216	224	452	456	0	0	190	190	205	211	156	156	450	450	212	218	195	195	118	130	122	122	496	496
827	178	178	327	330	468	468	100	100	216	224	456	456	452	452	190	196	205	211	152	156	450	450	218	218	195	195	118	130	114	118	496	496
5716	178	178	327	327	468	476	100	100	224	224	452	456	0	0	190	190	205	205	156	156	450	450	218	218	195	195	130	130	114	118	496	496
5717	178	178	327	330	468	468	104	104	224	224	452	456	0	0	196	196	205	211	156	156	450	450	218	218	195	195	130	130	122	122	496	496
127	175	178	327	330	472	476	104	104	224	224	452	452	452	452	196	196	211	211	156	156	446	450	218	218	191	195	118	118	118	122	496	496
616	178	178	327	330	468	476	100	100	216	216	452	456	452	456	190	190	211	211	156	156	446	450	212	218	191	195	118	130	118	122	496	496
5656	178	178	327	330	468	472	100	104	216	224	452	452	452	452	190	196	205	211	152	152	450	450	212	218	191	195	118	130	114	118	496	496
5659	175	178	327	330	468	472	100	104	216	224	452	452	452	452	196	196	211	211	156	156	450	450	218	218	191	195	118	130	122	122	496	496
5702	175	178	327	327	476	476	104	104	216	224	452	452	0	0	190	196	205	211	156	156	446	450	218	218	191	195	118	118	122	122	496	496
802	175	178	327	327	468	476	100	100	224	224	456	456	452	452	190	190	211	211	152	156	450	450	212	212	195	195	118	130	114	118	496	496
806	175	178	327	327	468	472	100	104	224	224	452	452	452	452	190	196	211	211	156	156	450	450	218	218	191	195	118	130	122	122	496	496
861	175	178	327	330	472	472	104	104	216	224	452	452	452	452	196	196	211	211	156	156	450	450	218	218	191	191	118	130	114	118	496	496
