Vial Long	Lat															
5721	146.666667000000	-38.616667000000															
15	147.462959391539	-37.974971937830															
19	147.462959391539	-37.974971937830															
20	147.462959391539	-37.974971937830															
21	147.462959391539	-37.974971937830															
36	147.462959391539	-37.974971937830															
381	147.462959391539	-37.974971937830															
399	147.462959391539	-37.974971937830															
566	147.462959391539	-37.974971937830															
624	147.462959391539	-37.974971937830															
394	147.462959391539	-37.974971937830															
5581	147.462959391539	-37.974971937830															
23	147.503746799259	-38.015913200505															
49	147.503746799259	-38.015913200505															
50	147.503746799259	-38.015913200505															
351	147.503746799259	-38.015913200505															
353	147.503746799259	-38.015913200505															
354	147.503746799259	-38.015913200505															
355	147.503746799259	-38.015913200505															
356	147.503746799259	-38.015913200505															
374	147.503746799259	-38.015913200505															
376	147.503746799259	-38.015913200505															
950	147.503746799259	-38.015913200505															
941	147.503746799259	-38.015913200505															
946	147.503746799259	-38.015913200505															
947	147.503746799259	-38.015913200505															
12	147.790237217486	-37.899324723470															
13	147.790237217486	-37.899324723470															
14	147.790237217486	-37.899324723470															
16	147.790237217486	-37.899324723470															
27	147.790237217486	-37.899324723470															
28	147.790237217486	-37.899324723470															
30	147.790237217486	-37.899324723470															
31	147.790237217486	-37.899324723470															
35	147.790237217486	-37.899324723470															
41	147.790237217486	-37.899324723470															
42	147.790237217486	-37.899324723470															
44	147.790237217486	-37.899324723470															
46	147.790237217486	-37.899324723470															
48	147.790237217486	-37.899324723470															
352	147.790237217486	-37.899324723470															
358	147.790237217486	-37.899324723470															
359	147.790237217486	-37.899324723470															
364	147.790237217486	-37.899324723470															
370	147.790237217486	-37.899324723470															
378	147.790237217486	-37.899324723470															
380	147.790237217486	-37.899324723470															
382	147.790237217486	-37.899324723470															
387	147.790237217486	-37.899324723470															
389	147.790237217486	-37.899324723470															
391	147.790237217486	-37.899324723470															
392	147.790237217486	-37.899324723470															
393	147.790237217486	-37.899324723470															
395	147.790237217486	-37.899324723470															
398	147.790237217486	-37.899324723470															
5622	147.790237217486	-37.899324723470															
32	147.147481907365	-38.046316196472															
360	147.147481907365	-38.046316196472															
361	147.147481907365	-38.046316196472															
363	147.147481907365	-38.046316196472															
373	147.147481907365	-38.046316196472															
385	147.147481907365	-38.046316196472															
590	147.147481907365	-38.046316196472															
591	147.147481907365	-38.046316196472															
914	147.147481907365	-38.046316196472															
5655	147.147481907365	-38.046316196472															
5687	147.147481907365	-38.046316196472															
633	147.147481907365	-38.046316196472															
857	147.147481907365	-38.046316196472															
891	147.147481907365	-38.046316196472															
935	147.147481907365	-38.046316196472															
936	147.147481907365	-38.046316196472															
592	147.219764000000	-38.139607000000															
558	147.219764000000	-38.139607000000															
876	147.219764000000	-38.139607000000															
888	147.219764000000	-38.139607000000															
5668	147.219764000000	-38.139607000000															
854	147.219764000000	-38.139607000000															
5652	147.207419793812	-38.173855791119															
870	147.319388106804	-38.203293482225															
5672	147.455897500523	-38.086997999639															
5686	147.455897500523	-38.086997999639															
634	146.087727228226	-38.704351795496															
104	146.200000006464	-38.650000003447															
614	146.200000006464	-38.650000003447															
5705	146.200000006464	-38.650000003447															
17	146.604753006894	-38.627743800163															
103	146.604753006894	-38.627743800163															
106	146.604753006894	-38.627743800163															
108	146.604753006894	-38.627743800163															
115	146.604753006894	-38.627743800163															
593	146.604753006894	-38.627743800163															
601	146.604753006894	-38.627743800163															
873	146.604753006894	-38.627743800163															
5710	146.604753006894	-38.627743800163															
5724	146.604753006894	-38.627743800163															
801	146.604753006894	-38.627743800163															
869	146.604753006894	-38.627743800163															
584	146.640098916210	-38.665374219336															
367	147.541953100473	-38.073978298451															
885	147.541953100473	-38.073978298451															
897	147.541953100473	-38.073978298451															
899	147.541953100473	-38.073978298451															
853	147.541953100473	-38.073978298451															
871	147.541953100473	-38.073978298451															
107	147.375768093000	-38.228094696899															
597	147.375768093000	-38.228094696899															
586	147.375768093000	-38.228094696899															
570	147.375768093000	-38.228094696899															
5584	147.375768093000	-38.228094696899															
5585	147.375768093000	-38.228094696899															
5664	147.375768093000	-38.228094696899															
5665	147.375768093000	-38.228094696899															
594	147.375768093000	-38.228094696899															
866	147.375768093000	-38.228094696899															
362	147.587179693626	-37.976776313153															
24	147.587179693626	-37.976776313153															
371	147.207772497706	-38.112800196997															
120	146.493698225561	-38.643647301030															
121	146.493698225561	-38.643647301030															
623	146.493698225561	-38.643647301030															
126	146.493698225561	-38.643647301030															
803	146.493698225561	-38.643647301030															
125	147.013984100720	-38.491994402163															
5673	147.013984100720	-38.491994402163															
864	147.013984100720	-38.491994402163															
608	146.983013000000	-38.517417000000															
565	146.907736284556	-38.114062602798															
562	146.907736284556	-38.114062602798															
559	147.298804896548	-38.164295597761															
560	147.298804896548	-38.164295597761															
564	147.298804896548	-38.164295597761															
574	147.298804896548	-38.164295597761															
576	147.298804896548	-38.164295597761															
582	147.298804896548	-38.164295597761															
589	147.298804896548	-38.164295597761															
887	147.298804896548	-38.164295597761															
5692	147.298804896548	-38.164295597761															
858	147.298804896548	-38.164295597761															
930	147.298804896548	-38.164295597761															
561	147.358026265723	-38.225994639669															
563	147.358026265723	-38.225994639669															
568	147.358026265723	-38.225994639669															
569	147.358026265723	-38.225994639669															
577	147.358026265723	-38.225994639669															
581	147.358026265723	-38.225994639669															
585	147.358026265723	-38.225994639669															
595	147.358026265723	-38.225994639669															
622	147.358026265723	-38.225994639669															
5661	147.358026265723	-38.225994639669															
40	147.618630172554	-38.001520271010															
571	147.329309318680	-38.086991440390															
812	147.329309318680	-38.086991440390															
921	147.329309318680	-38.086991440390															
5723	147.329309318680	-38.086991440390															
5587	147.995820996383	-37.851118497015															
5590	147.995820996383	-37.851118497015															
572	147.536828261118	-38.085278259369															
573	147.536828261118	-38.085278259369															
822	147.536828261118	-38.085278259369															
832	147.536828261118	-38.085278259369															
890	147.536828261118	-38.085278259369															
892	147.536828261118	-38.085278259369															
932	147.536828261118	-38.085278259369															
5660	147.536828261118	-38.085278259369															
5670	147.536828261118	-38.085278259369															
5674	147.536828261118	-38.085278259369															
5679	147.536828261118	-38.085278259369															
5695	147.536828261118	-38.085278259369															
18	147.086943941539	-38.164167001777															
5698	147.086943941539	-38.164167001777															
6282	147.086943941539	-38.164167001777															
6286	147.086943941539	-38.164167001777															
6288	147.086943941539	-38.164167001777															
925	147.086943941539	-38.164167001777															
579	146.775515508381	-38.645051705094															
917	147.210829299102	-38.056822701363															
357	147.385687196551	-38.007115812085															
400	147.385687196551	-38.007115812085															
882	147.385687196551	-38.007115812085															
6277	147.385687196551	-38.007115812085															
862	147.385687196551	-38.007115812085															
928	147.385687196551	-38.007115812085															
388	147.850000012183	-37.883333002748															
22	147.850000012183	-37.883333002748															
5589	147.819718792075	-37.745121906260															
5596	147.819718792075	-37.745121906260															
556	147.200719101231	-37.931823406785															
557	147.200719101231	-37.931823406785															
390	147.899213293353	-37.855211805418															
902	147.899213293353	-37.855211805418															
913	147.899213293353	-37.855211805418															
927	147.899213293353	-37.855211805418															
45	147.265275810078	-38.004415597144															
365	147.265275810078	-38.004415597144															
366	147.265275810078	-38.004415597144															
368	147.265275810078	-38.004415597144															
369	147.265275810078	-38.004415597144															
383	147.265275810078	-38.004415597144															
603	147.265275810078	-38.004415597144															
5675	147.265275810078	-38.004415597144															
5682	147.265275810078	-38.004415597144															
567	147.265275810078	-38.004415597144															
587	146.688332990563	-38.665278005541															
613	146.464722005990	-38.699721997739															
627	146.464722005990	-38.699721997739															
804	146.464722005990	-38.699721997739															
5586	147.073026578324	-38.102600831174															
5588	147.073026578324	-38.102600831174															
5592	147.073026578324	-38.102600831174															
5599	147.073026578324	-38.102600831174															
6701	147.073026578324	-38.102600831174															
833	146.134103996708	-38.825602307388															
575	147.440216697109	-38.119450106980															
5654	147.440216697109	-38.119450106980															
5657	147.440216697109	-38.119450106980															
5663	147.440216697109	-38.119450106980															
5680	147.440216697109	-38.119450106980															
6281	147.440216697109	-38.119450106980															
588	147.440216697109	-38.119450106980															
851	147.440216697109	-38.119450106980															
596	147.146769301042	-38.293634499818															
372	147.146769301042	-38.293634499818															
880	147.146769301042	-38.293634499818															
886	147.146769301042	-38.293634499818															
896	147.146769301042	-38.293634499818															
5669	147.146769301042	-38.293634499818															
5671	147.146769301042	-38.293634499818															
580	147.204214495969	-38.266119070317															
5678	147.204214495969	-38.266119070317															
5694	147.204214495969	-38.266119070317															
852	147.204214495969	-38.266119070317															
712	146.544830387614	-38.770391816299															
715	146.544830387614	-38.770391816299															
716	146.544830387614	-38.770391816299															
718	146.544830387614	-38.770391816299															
719	146.544830387614	-38.770391816299															
720	146.544830387614	-38.770391816299															
721	146.544830387614	-38.770391816299															
722	146.544830387614	-38.770391816299															
723	146.544830387614	-38.770391816299															
725	146.544830387614	-38.770391816299															
726	146.544830387614	-38.770391816299															
728	146.544830387614	-38.770391816299															
729	146.544830387614	-38.770391816299															
730	146.544830387614	-38.770391816299															
732	146.544830387614	-38.770391816299															
733	146.544830387614	-38.770391816299															
735	146.544830387614	-38.770391816299															
736	146.544830387614	-38.770391816299															
737	146.544830387614	-38.770391816299															
738	146.544830387614	-38.770391816299															
740	146.544830387614	-38.770391816299															
741	146.544830387614	-38.770391816299															
742	146.544830387614	-38.770391816299															
743	146.544830387614	-38.770391816299															
744	146.544830387614	-38.770391816299															
746	146.544830387614	-38.770391816299															
747	146.544830387614	-38.770391816299															
748	146.544830387614	-38.770391816299															
749	146.544830387614	-38.770391816299															
750	146.544830387614	-38.770391816299															
598	147.056937610644	-38.272024395643															
25	147.083333005613	-37.966667017930															
26	147.083333005613	-37.966667017930															
29	147.083333005613	-37.966667017930															
37	147.083333005613	-37.966667017930															
38	147.083333005613	-37.966667017930															
39	147.083333005613	-37.966667017930															
375	147.083333005613	-37.966667017930															
377	147.083333005613	-37.966667017930															
379	147.083333005613	-37.966667017930															
384	147.083333005613	-37.966667017930															
386	147.083333005613	-37.966667017930															
396	147.083333005613	-37.966667017930															
397	147.083333005613	-37.966667017930															
915	147.083333005613	-37.966667017930															
926	147.083333005613	-37.966667017930															
901	147.083333005613	-37.966667017930															
5597	147.083333005613	-37.966667017930															
5676	147.083333005613	-37.966667017930															
6283	147.083333005613	-37.966667017930															
262	146.623333098281	-38.711682516011															
265	146.623333098281	-38.711682516011															
280	146.623333098281	-38.711682516011															
285	146.623333098281	-38.711682516011															
294	146.623333098281	-38.711682516011															
295	146.623333098281	-38.711682516011															
298	146.623333098281	-38.711682516011															
299	146.623333098281	-38.711682516011															
328	146.623333098281	-38.711682516011															
401	146.623333098281	-38.711682516011															
402	146.623333098281	-38.711682516011															
405	146.623333098281	-38.711682516011															
408	146.623333098281	-38.711682516011															
411	146.623333098281	-38.711682516011															
418	146.623333098281	-38.711682516011															
425	146.623333098281	-38.711682516011															
428	146.623333098281	-38.711682516011															
431	146.623333098281	-38.711682516011															
433	146.623333098281	-38.711682516011															
434	146.623333098281	-38.711682516011															
437	146.623333098281	-38.711682516011															
438	146.623333098281	-38.711682516011															
440	146.623333098281	-38.711682516011															
442	146.623333098281	-38.711682516011															
2695	146.623333098281	-38.711682516011															
2714	146.623333098281	-38.711682516011															
2807	146.623333098281	-38.711682516011															
270608	146.623333098281	-38.711682516011															
H201475 	146.623333098281	-38.711682516011															
H270308 	146.623333098281	-38.711682516011															
H276708 	146.623333098281	-38.711682516011															
H281808 	146.623333098281	-38.711682516011															
101	146.720498507918	-38.628047389054															
123	146.720498507918	-38.628047389054															
129	146.720498507918	-38.628047389054															
604	146.720498507918	-38.628047389054															
609	146.720498507918	-38.628047389054															
615	146.720498507918	-38.628047389054															
621	146.720498507918	-38.628047389054															
632	146.720498507918	-38.628047389054															
815	146.720498507918	-38.628047389054															
819	146.720498507918	-38.628047389054															
826	146.720498507918	-38.628047389054															
105	145.908715491427	-38.737790102389															
5579	147.627614205484	-37.971572400390															
830	146.433332993613	-38.666666990762															
5703	146.433332993613	-38.666666990762															
5704	146.433332993613	-38.666666990762															
6	146.368226827034	-38.958855858148															
7	146.368226827034	-38.958855858148															
9	146.368226827034	-38.958855858148															
10	146.368226827034	-38.958855858148															
132	146.368226827034	-38.958855858148															
133	146.368226827034	-38.958855858148															
136	146.368226827034	-38.958855858148															
137	146.368226827034	-38.958855858148															
138	146.368226827034	-38.958855858148															
139	146.368226827034	-38.958855858148															
140	146.368226827034	-38.958855858148															
141	146.368226827034	-38.958855858148															
142	146.368226827034	-38.958855858148															
145	146.368226827034	-38.958855858148															
147	146.368226827034	-38.958855858148															
148	146.368226827034	-38.958855858148															
150	146.368226827034	-38.958855858148															
321	146.368226827034	-38.958855858148															
637	146.368226827034	-38.958855858148															
638	146.368226827034	-38.958855858148															
640	146.368226827034	-38.958855858148															
641	146.368226827034	-38.958855858148															
642	146.368226827034	-38.958855858148															
643	146.368226827034	-38.958855858148															
644	146.368226827034	-38.958855858148															
646	146.368226827034	-38.958855858148															
650	146.368226827034	-38.958855858148															
MV005 	146.368226827034	-38.958855858148															
MV007 	146.368226827034	-38.958855858148															
MV010 	146.368226827034	-38.958855858148															
Z52264 	146.368226827034	-38.958855858148															
Z52272 	146.368226827034	-38.958855858148															
645	146.368226827034	-38.958855858148															
MV014	146.368226827034	-38.958855858148															
Z52209	146.368226827034	-38.958855858148															
600	146.895078623334	-38.520620169911															
893	146.895078623334	-38.520620169911															
102	146.222389318791	-38.807147794093															
110	146.222389318791	-38.807147794093															
112	146.222389318791	-38.807147794093															
117	146.222389318791	-38.807147794093															
118	146.222389318791	-38.807147794093															
122	146.222389318791	-38.807147794093															
124	146.222389318791	-38.807147794093															
128	146.222389318791	-38.807147794093															
130	146.222389318791	-38.807147794093															
612	146.222389318791	-38.807147794093															
617	146.222389318791	-38.807147794093															
619	146.222389318791	-38.807147794093															
620	146.222389318791	-38.807147794093															
625	146.222389318791	-38.807147794093															
628	146.222389318791	-38.807147794093															
629	146.222389318791	-38.807147794093															
630	146.222389318791	-38.807147794093															
631	146.222389318791	-38.807147794093															
829	146.222389318791	-38.807147794093															
831	146.222389318791	-38.807147794093															
605	146.222389318791	-38.807147794093															
114	146.222389318791	-38.807147794093															
816	146.222389318791	-38.807147794093															
823	146.222389318791	-38.807147794093															
825	146.222389318791	-38.807147794093															
827	146.222389318791	-38.807147794093															
5716	146.222389318791	-38.807147794093															
5717	146.222389318791	-38.807147794093															
127	146.675103991482	-38.565594264371															
616	146.675103991482	-38.565594264371															
5656	146.675103991482	-38.565594264371															
5659	146.675103991482	-38.565594264371															
5702	146.675103991482	-38.565594264371															
802	146.675103991482	-38.565594264371															
806	146.675103991482	-38.565594264371															
861	146.675103991482	-38.565594264371															
